$ 1 0.000005 0.014109338070134151 40 5 43
v 112 352 112 288 0 0 40 120 0 0 0.5
v 112 256 112 192 0 0 40 80 0 0 0.5
w 112 256 112 288 0
r 192 192 288 192 0 350
r 192 272 288 272 0 650
r 352 192 352 272 0 410
r 384 192 480 192 0 130
r 384 272 480 272 0 750
r 528 192 528 272 0 360
r 192 384 288 384 0 190
r 192 320 288 320 0 310
w 112 192 192 192 0
w 288 192 352 192 0
w 288 272 352 272 0
w 192 272 192 192 0
w 352 192 384 192 0
w 352 272 384 272 0
w 480 192 528 192 0
w 480 272 528 272 0
w 288 352 288 384 0
w 192 352 192 384 0
w 192 352 112 352 0
w 288 352 528 352 0
w 528 352 528 272 0
w 192 320 192 352 0
w 288 320 288 352 0
